Webots Project File version R2022b
perspectives: 000000ff00000000fd00000003000000000000000000000000fc0100000002fc00000000ffffffff0000000000fffffffc0200000001fb00000012005300630065006e006500540072006500650100000019000003f10000000000000000fb0000001a0044006f00630075006d0065006e0074006100740069006f006e0000000000ffffffff0000000000000000000000010000032f000002f1fc0200000001fb0000001400540065007800740045006400690074006f0072010000001a000002f1000000af00ffffff0000000300000780000000b5fc0100000002fb0000000e0043006f006e0073006f006c006501000000000000073f0000000000000000fb0000001a0043006f006e0073006f006c00650041006c006c0041006c006c0100000000000007800000005400ffffff0000044b000002f100000004000000040000000100000008fc00000000
simulationViewPerspectives: 000000ff00000001000000020000019a000003040100000006010000000101
sceneTreePerspectives: 000000ff00000001000000030000001c000000c0000000fc0100000006010000000201
maximizedDockId: -1
centralWidgetVisible: 1
orthographicViewHeight: 1
textFiles: 0 "controllers/nao_demo_python/nao_demo_python.py"
consoles: Console:All:All
renderingDevicePerspectives: NAO:CameraBottom;1;1.39167;0;0.00330021
renderingDevicePerspectives: NAO:CameraTop;0;1;0;0
