Webots Project File version R2022b
perspectives: 000000ff00000000fd00000003000000000000000000000000fc0100000002fc00000000ffffffff0000000000fffffffc0200000001fb00000012005300630065006e006500540072006500650100000019000003f10000000000000000fb0000001a0044006f00630075006d0065006e0074006100740069006f006e0000000000ffffffff0000000000000000000000010000029500000295fc0200000001fb0000001400540065007800740045006400690074006f0072010000001a00000295000000af00ffffff000000030000078000000111fc0100000002fb0000000e0043006f006e0073006f006c006501000000000000073f0000000000000000fb0000001a0043006f006e0073006f006c00650041006c006c0041006c006c0100000000000007800000005400ffffff000004e50000029500000004000000040000000100000008fc00000000
simulationViewPerspectives: 000000ff00000001000000020000016c000004a00100000006010000000101
sceneTreePerspectives: 000000ff00000001000000030000001c00000221000000fc0100000006010000000201
maximizedDockId: -1
centralWidgetVisible: 1
orthographicViewHeight: 1
textFiles: 0 "controllers/nao_demo_python/nao_demo_python.py" "worlds/nao_demo.wbt"
consoles: Console:All:All
renderingDevicePerspectives: NAO:CameraBottom;1;0.524465;0;0.826838
renderingDevicePerspectives: NAO:CameraTop;1;1;0;0
